image_width: 640
image_height: 512
camera_name: cam_thermal
camera_matrix:
  rows: 3
  cols: 3
  data: [481.211409630041, 0., 337.862688711177, 0., 479.351326310694, 269.183276739566, 0., 0., 1. ]
distortion_model: plumb_bob
distortion_coefficients:
  rows: 1
  cols: 5
  data: [-0.172219394908107, 0.106160893407557, 0, 0, 0]
rectification_matrix:
  rows: 3
  cols: 3
  data: [1, 0, 0, 0, 1, 0, 0, 0, 1]
projection_matrix:
  rows: 3
  cols: 4
  data: [481.211409630041, 0., 337.862688711177, 0, 0, 479.351326310694, 269.183276739566, 0, 0, 0, 1, 0]