image_width: 640
image_height: 512
camera_name: cam_thermal
camera_matrix:
  rows: 3
  cols: 3
  data: [486.5971984863281, 0., 347.7720947265625, 0., 484.5177001953125, 272.5191650390625, 0., 0., 1. ]
distortion_model: plumb_bob
distortion_coefficients:
  rows: 1
  cols: 5
  data: [0, 0, 0, 0, 0]
rectification_matrix:
  rows: 3
  cols: 3
  data: [1, 0, 0, 0, 1, 0, 0, 0, 1]
projection_matrix:
  rows: 3
  cols: 4
  data: [486.5971984863281, 0., 347.7720947265625, 0, 0, 484.5177001953125, 272.5191650390625, 0, 0, 0, 1, 0]